53154 20230101  2.623 -114.19   32.84    18.2    12.2    15.2    14.9     7.8     7.71 C    21.2     9.1    12.5    87.0    30.0    60.2   0.081   0.054 -99.000 -99.000 -99.000    14.4    16.7 -9999.0 -9999.0 -9999.0
53154 20230102  2.623 -114.19   32.84    16.1    10.3    13.2    13.2     0.0     9.89 C    26.5     4.7    11.4    64.0    29.5    48.6   0.094   0.054 -99.000 -99.000 -99.000    13.6    15.6 -9999.0 -9999.0 -9999.0
53154 20230103  2.623 -114.19   32.84    18.8     6.3    12.5    13.9     0.0    11.24 C    31.3     2.0    14.0    80.3    33.8    54.1   0.090   0.055 -99.000 -99.000 -99.000    14.9    15.8 -9999.0 -9999.0 -9999.0
53154 20230104  2.623 -114.19   32.84    21.2    12.4    16.8    16.2     0.0    11.77 C    27.3     8.2    15.3    66.5    27.5    49.9   0.088   0.056 -99.000 -99.000 -99.000    17.0    17.4 -9999.0 -9999.0 -9999.0
53154 20230105  2.623 -114.19   32.84    19.1    13.1    16.1    15.3     0.0     7.31 C    25.4     7.3    13.4    55.7    31.7    47.9   0.103   0.057 -99.000 -99.000 -99.000    15.9    17.2 -9999.0 -9999.0 -9999.0
53154 20230106  2.623 -114.19   32.84    19.1     8.0    13.6    13.3     0.0     7.55 C    25.8     4.1    10.8    73.1    23.8    47.1   0.098   0.056 -99.000 -99.000 -99.000    14.0    16.2 -9999.0 -9999.0 -9999.0
53154 20230107  2.623 -114.19   32.84    20.5     4.5    12.5    13.2     0.0    13.43 C    31.4    -0.1    11.8    75.4    24.2    45.2   0.097   0.056 -99.000 -99.000 -99.000    14.2    15.6 -9999.0 -9999.0 -9999.0
53154 20230108  2.623 -114.19   32.84    21.2     5.0    13.1    12.4     0.0    12.99 C    32.1     0.7    11.7    72.9    17.4    45.0   0.095   0.057 -99.000 -99.000 -99.000    14.4    15.9 -9999.0 -9999.0 -9999.0
53154 20230109  2.623 -114.19   32.84    20.2     5.9    13.1    12.7     0.0     9.75 C    29.2     1.1    10.7    61.7    23.5    43.0   0.092   0.057 -99.000 -99.000 -99.000    13.6    15.5 -9999.0 -9999.0 -9999.0
53154 20230110  2.623 -114.19   32.84    21.1     8.3    14.7    14.9     0.0     9.83 C    29.6     4.0    13.2    59.2    25.3    43.4   0.091   0.057 -99.000 -99.000 -99.000    14.9    15.8 -9999.0 -9999.0 -9999.0
53154 20230111  2.623 -114.19   32.84    18.8     7.2    13.0    13.6     0.0    10.00 C    25.6     2.7    11.1    64.7    18.0    39.4   0.086   0.058 -99.000 -99.000 -99.000    14.6    16.2 -9999.0 -9999.0 -9999.0
53154 20230112  2.623 -114.19   32.84    22.3     3.4    12.8    13.1     0.0    12.66 C    32.6    -0.6    11.9    66.3    15.3    37.7   0.082   0.057 -99.000 -99.000 -99.000    14.1    15.4 -9999.0 -9999.0 -9999.0
53154 20230113  2.623 -114.19   32.84    22.4     5.8    14.1    14.7     0.0    11.20 C    30.3     2.0    13.2    55.0    11.7    31.0   0.080   0.058 -99.000 -99.000 -99.000    15.5    16.4 -9999.0 -9999.0 -9999.0
53154 20230114  2.623 -114.19   32.84    18.1     6.4    12.3    12.7     0.7     4.94 C    24.9     2.6    11.4    74.9    21.9    41.5   0.077   0.058 -99.000 -99.000 -99.000    13.8    15.8 -9999.0 -9999.0 -9999.0
53154 20230115  2.623 -114.19   32.84    16.9    11.3    14.1    14.1     0.3     3.98 C    18.7     8.3    12.6    74.7    39.4    55.1   0.076   0.058 -99.000 -99.000 -99.000    14.1    15.6 -9999.0 -9999.0 -9999.0
53154 20230116  2.623 -114.19   32.84    18.5    10.3    14.4    13.8     2.4     8.63 C    21.7     7.9    13.0    89.1    48.2    73.8   0.086   0.059 -99.000 -99.000 -99.000    14.5    15.8 -9999.0 -9999.0 -9999.0
53154 20230117  2.623 -114.19   32.84    16.0     7.0    11.5    12.1     0.0    12.90 C    22.6     1.7     9.7    64.7    27.5    44.4   0.095   0.058 -99.000 -99.000 -99.000    13.2    15.3 -9999.0 -9999.0 -9999.0
53154 20230118  2.623 -114.19   32.84    16.3     4.3    10.3    10.0     0.0    14.33 C    26.3    -1.5     8.4    75.0    19.0    47.7   0.093   0.057 -99.000 -99.000 -99.000    11.9    14.3 -9999.0 -9999.0 -9999.0
53154 20230119  2.623 -114.19   32.84    16.5     1.1     8.8     9.3     0.0    14.21 C    26.9    -3.8     8.5    74.9    18.8    44.6   0.092   0.057 -99.000 -99.000 -99.000    11.5    13.7 -9999.0 -9999.0 -9999.0
53154 20230120  2.623 -114.19   32.84    14.9     5.4    10.1    10.8     0.0    14.49 C    24.0    -0.2     9.5    64.5    17.1    34.8   0.091   0.057 -99.000 -99.000 -99.000    12.7    14.4 -9999.0 -9999.0 -9999.0
53154 20230121  2.623 -114.19   32.84    16.2     3.6     9.9     9.8     0.0    14.62 C    25.7    -3.2     7.4    47.5    15.9    30.9   0.087   0.056 -99.000 -99.000 -99.000    11.0    13.4 -9999.0 -9999.0 -9999.0
53154 20230122  2.623 -114.19   32.84    16.7     0.7     8.7     9.2     0.0    14.51 C    28.2    -4.1     7.7    56.2    14.9    30.7   0.083   0.056 -99.000 -99.000 -99.000    11.0    13.1 -9999.0 -9999.0 -9999.0
53154 20230123  2.623 -114.19   32.84    14.3     5.1     9.7     9.8     0.0    13.40 C    19.5    -0.7     6.7    29.5    15.4    21.2   0.080   0.056 -99.000 -99.000 -99.000    10.8    13.2 -9999.0 -9999.0 -9999.0
53154 20230124  2.623 -114.19   32.84    17.0     2.0     9.5    10.2     0.0    14.95 C    24.8    -3.0     8.0    60.8    14.3    31.4   0.078   0.056 -99.000 -99.000 -99.000    11.1    12.8 -9999.0 -9999.0 -9999.0
53154 20230125  2.623 -114.19   32.84    19.3     0.9    10.1    11.2     0.0    15.05 C    30.0    -3.8     8.6    49.7    11.0    24.7   0.076   0.056 -99.000 -99.000 -99.000    11.6    13.1 -9999.0 -9999.0 -9999.0
53154 20230126  2.623 -114.19   32.84 -9999.0 -9999.0 -9999.0 -9999.0 -9999.0 -9999.00 U -9999.0 -9999.0 -9999.0 -9999.0 -9999.0 -9999.0 -99.000 -99.000 -99.000 -99.000 -99.000 -9999.0 -9999.0 -9999.0 -9999.0 -9999.0
53154 20230127  2.623 -114.19   32.84    18.0     0.1     9.0    10.5     0.0    14.33 C    32.4    -3.9    10.1    46.2    11.6    23.9   0.073   0.058 -99.000 -99.000 -99.000    12.7    14.0 -9999.0 -9999.0 -9999.0
53154 20230128  2.623 -114.19   32.84    19.2     2.5    10.8    10.9     0.0    14.37 C    31.5    -2.7    10.0    39.6    10.6    23.7   0.072   0.058 -99.000 -99.000 -99.000    12.7    14.0 -9999.0 -9999.0 -9999.0
53154 20230129  2.623 -114.19   32.84    17.6     1.7     9.6    11.0     0.0    12.55 C    35.0    -2.3    10.9    52.6    28.0    40.2   0.070   0.058 -99.000 -99.000 -99.000    13.1    14.2 -9999.0 -9999.0 -9999.0
53154 20230130  2.623 -114.19   32.84    17.7     5.6    11.7    12.0     2.5    12.09 C    36.0     1.7    13.8    84.4    28.8    58.1   0.070   0.059 -99.000 -99.000 -99.000    14.9    15.1 -9999.0 -9999.0 -9999.0
53154 20230131  2.623 -114.19   32.84    12.5     7.7    10.1    10.1     6.0     5.14 C    14.6     6.0     9.3    87.8    40.7    62.4   0.153   0.058 -99.000 -99.000 -99.000    11.5    14.3 -9999.0 -9999.0 -9999.0
53154 20230201  2.623 -114.19   32.84    17.8     7.4    12.6    11.8     1.8    13.56 C    20.5     1.3     8.7    71.5    15.2    31.9   0.151   0.059 -99.000 -99.000 -99.000    11.0    12.8 -9999.0 -9999.0 -9999.0
53154 20230202  2.623 -114.19   32.84    19.5     3.2    11.4    11.7     0.0    14.82 C    28.1    -2.1    10.1    81.7    20.0    41.2   0.125   0.064 -99.000 -99.000 -99.000    12.1    13.1 -9999.0 -9999.0 -9999.0
53154 20230203  2.623 -114.19   32.84    18.5     5.2    11.8    11.5     0.0     7.92 C    20.7     1.9     9.2    86.2    19.0    51.8   0.129   0.070 -99.000 -99.000 -99.000    11.9    13.6 -9999.0 -9999.0 -9999.0
53154 20230204  2.623 -114.19   32.84    22.5     3.0    12.7    12.5     0.0    14.99 C    33.9    -1.9    12.0    79.1    15.7    48.9   0.125   0.073 -99.000 -99.000 -99.000    13.6    13.9 -9999.0 -9999.0 -9999.0
53154 20230205  2.623 -114.19   32.84    23.8     5.3    14.6    15.2     0.0    14.70 C    31.8     0.9    13.6    76.4    21.3    43.1   0.123   0.076 -99.000 -99.000 -99.000    15.4    15.4 -9999.0 -9999.0 -9999.0
53154 20230206  2.623 -114.19   32.84    20.0     8.5    14.2    14.7     0.0    14.95 C    24.2     3.1    11.6    48.5    11.1    25.5   0.119   0.078 -99.000 -99.000 -99.000    15.1    16.0 -9999.0 -9999.0 -9999.0
53154 20230207  2.623 -114.19   32.84    20.1     8.2    14.2    14.2     0.0    15.96 C    33.8     2.4    12.4    36.2     9.6    21.1   0.117   0.079 -99.000 -99.000 -99.000    15.1    15.7 -9999.0 -9999.0 -9999.0
53154 20230208  2.623 -114.19   32.84    21.3     3.8    12.6    13.3     0.0    15.50 C    35.1    -1.1    12.8    55.1    11.4    25.6   0.115   0.079 -99.000 -99.000 -99.000    15.0    15.7 -9999.0 -9999.0 -9999.0
53154 20230209  2.623 -114.19   32.84    22.9     8.4    15.6    16.0     0.0    16.13 C    32.1     2.1    13.6    38.6     6.0    18.2   0.113   0.080 -99.000 -99.000 -99.000    16.1    16.4 -9999.0 -9999.0 -9999.0
53154 20230210  2.623 -114.19   32.84    21.8     3.6    12.7    13.8     0.0    16.00 C    30.7    -1.8    11.5    29.9     5.3    15.0   0.110   0.080 -99.000 -99.000 -99.000    14.9    16.0 -9999.0 -9999.0 -9999.0
53154 20230211  2.623 -114.19   32.84    22.7     8.6    15.6    16.1     0.0    16.36 C    34.8     4.0    15.2    32.2     9.1    16.0   0.110   0.081 -99.000 -99.000 -99.000    16.7    16.6 -9999.0 -9999.0 -9999.0
53154 20230212  2.623 -114.19   32.84    21.0     7.7    14.4    13.5     0.0    15.15 C    33.1     3.3    13.7    49.7    20.6    32.7   0.107   0.082 -99.000 -99.000 -99.000    16.3    16.9 -9999.0 -9999.0 -9999.0
53154 20230213  2.623 -114.19   32.84    16.4     7.7    12.0    11.2     1.6    12.58 C    28.6     3.9    11.9    78.1    35.6    59.5   0.105   0.081 -99.000 -99.000 -99.000    14.8    16.3 -9999.0 -9999.0 -9999.0
53154 20230214  2.623 -114.19   32.84    19.9     5.7    12.8    11.9     0.0    15.73 C    30.2     1.5    12.1    91.1    25.5    54.4   0.107   0.080 -99.000 -99.000 -99.000    14.4    15.6 -9999.0 -9999.0 -9999.0
53154 20230215  2.623 -114.19   32.84    14.2     2.1     8.2     8.0     1.0    17.30 C    23.6    -2.3     7.4    87.3     9.0    43.1   0.106   0.079 -99.000 -99.000 -99.000    11.9    14.6 -9999.0 -9999.0 -9999.0
53154 20230216  2.623 -114.19   32.84    15.6    -1.6     7.0     7.8     0.0    17.29 C    28.6    -5.9     7.7    74.2    10.8    35.1   0.092   0.077 -99.000 -99.000 -99.000    11.0    13.1 -9999.0 -9999.0 -9999.0
53154 20230217  2.623 -114.19   32.84    17.9     4.3    11.1    11.7     0.0    11.35 C    25.3    -2.0     8.9    53.3     9.7    20.9   0.093   0.077 -99.000 -99.000 -99.000    11.7    13.3 -9999.0 -9999.0 -9999.0
53154 20230218  2.623 -114.19   32.84    20.8     6.1    13.5    13.8     0.0    14.83 C    32.4     1.5    13.4    38.4    10.3    19.3   0.103   0.078 -99.000 -99.000 -99.000    14.9    14.8 -9999.0 -9999.0 -9999.0
53154 20230219  2.623 -114.19   32.84    22.5     6.0    14.2    14.4     0.0    16.48 C    36.8     2.2    15.5    48.0    12.8    26.7   0.099   0.080 -99.000 -99.000 -99.000    16.7    16.1 -9999.0 -9999.0 -9999.0
53154 20230220  2.623 -114.19   32.84    23.8     7.2    15.5    16.6     0.0    15.68 C    42.6     3.5    19.1    49.7    23.3    33.0   0.097   0.082 -99.000 -99.000 -99.000    19.0    17.8 -9999.0 -9999.0 -9999.0
53154 20230221  2.623 -114.19   32.84    22.9    11.5    17.2    17.2     0.0    15.36 C    40.6     8.2    18.7    60.3    28.1    44.4   0.092   0.084 -99.000 -99.000 -99.000    20.2    19.5 -9999.0 -9999.0 -9999.0
53154 20230222  2.623 -114.19   32.84    15.6     7.8    11.7    12.4     0.0    16.98 C    23.7     2.4    11.9    44.9    16.0    30.7   0.084   0.083 -99.000 -99.000 -99.000    16.3    18.1 -9999.0 -9999.0 -9999.0
53154 20230223  2.623 -114.19   32.84    17.6     2.4    10.0    10.3     0.0    13.67 C    31.0    -2.0    10.2    68.5    25.5    42.6   0.083   0.081 -99.000 -99.000 -99.000    13.5    15.5 -9999.0 -9999.0 -9999.0
53154 20230224  2.623 -114.19   32.84    19.1     5.4    12.2    13.0     0.0    16.69 C    35.0     1.9    14.5    78.1    31.2    52.4   0.084   0.080 -99.000 -99.000 -99.000    15.9    16.0 -9999.0 -9999.0 -9999.0
53154 20230225  2.623 -114.19   32.84    20.9     8.8    14.9    13.7     2.1    16.80 C    30.5     4.5    14.6    89.1    31.2    53.8   0.084   0.082 -99.000 -99.000 -99.000    16.6    17.0 -9999.0 -9999.0 -9999.0
53154 20230226  2.623 -114.19   32.84    15.9     7.5    11.7    11.3     0.0    18.62 C    29.4     2.0    11.8    64.2    19.5    42.1   0.083   0.081 -99.000 -99.000 -99.000    14.9    16.3 -9999.0 -9999.0 -9999.0
53154 20230227  2.623 -114.19   32.84    18.6     2.3    10.4    11.1     0.0    18.87 C    34.1    -1.7    12.3    81.5    17.5    45.2   0.087   0.080 -99.000 -99.000 -99.000    14.9    15.8 -9999.0 -9999.0 -9999.0
53154 20230228  2.623 -114.19   32.84    19.0     6.5    12.8    13.3     0.0    17.80 C    34.0     1.1    13.2    68.2    26.6    42.6   0.088   0.081 -99.000 -99.000 -99.000    15.8    16.5 -9999.0 -9999.0 -9999.0
53154 20230301  2.623 -114.19   32.84    18.2     4.4    11.3    10.2     7.1     9.63 C    28.2     0.6     9.2    82.1    28.6    56.0   0.104   0.080 -99.000 -99.000 -99.000    12.8    15.7 -9999.0 -9999.0 -9999.0
53154 20230302  2.623 -114.19   32.84    16.4     4.9    10.7    10.4     0.0    19.09 C    28.3     0.3    11.1    78.8    28.9    53.9   0.142   0.078 -99.000 -99.000 -99.000    12.8    13.9 -9999.0 -9999.0 -9999.0
53154 20230303  2.623 -114.19   32.84    18.0     5.9    11.9    12.2     0.0    19.28 C    33.9     1.2    13.5    80.7    26.8    52.5   0.124   0.082 -99.000 -99.000 -99.000    15.3    15.4 -9999.0 -9999.0 -9999.0
53154 20230304  2.623 -114.19   32.84    22.1     5.9    14.0    14.3     0.0    19.52 C    37.8     1.0    15.3    82.2    18.1    45.7   0.118   0.085 -99.000 -99.000 -99.000    17.0    16.8 -9999.0 -9999.0 -9999.0
53154 20230305  2.623 -114.19   32.84    18.3     6.7    12.5    13.3     0.0    12.71 C    30.8     2.0    13.2    61.4    21.0    38.0   0.111   0.088 -99.000 -99.000 -99.000    15.9    16.9 -9999.0 -9999.0 -9999.0
53154 20230306  2.623 -114.19   32.84    22.3    10.1    16.2    15.7     0.0    17.14 C    37.1     6.3    17.8    54.1    12.6    32.5   0.114   0.089 -99.000 -99.000 -99.000    18.4    17.6 -9999.0 -9999.0 -9999.0
53154 20230307  2.623 -114.19   32.84    20.9     9.9    15.4    15.8     0.0    16.45 C    35.4     5.5    17.2    49.6    13.7    30.7   0.112   0.091 -99.000 -99.000 -99.000    19.3    19.0 -9999.0 -9999.0 -9999.0
53154 20230308  2.623 -114.19   32.84    23.8     5.3    14.6    15.2     0.0    20.12 C    40.1     0.7    16.1    64.0     3.4    28.4   0.109   0.091 -99.000 -99.000 -99.000    18.4    18.5 -9999.0 -9999.0 -9999.0
53154 20230309  2.623 -114.19   32.84    24.7     6.7    15.7    16.2     0.0    17.06 C    40.7     2.2    17.1    50.2     5.8    23.2   0.107   0.091 -99.000 -99.000 -99.000    18.9    18.9 -9999.0 -9999.0 -9999.0
53154 20230310  2.623 -114.19   32.84    27.6    10.1    18.9    19.2     0.0    15.77 C    42.2     5.6    20.2    51.2    10.0    28.0   0.107   0.093 -99.000 -99.000 -99.000    20.7    19.8 -9999.0 -9999.0 -9999.0
53154 20230311  2.623 -114.19   32.84    26.5    15.4    20.9    21.7     0.0    13.24 C    35.3    12.2    21.6    64.3    31.3    44.6   0.110   0.097 -99.000 -99.000 -99.000    22.7    21.5 -9999.0 -9999.0 -9999.0
53154 20230312  2.623 -114.19   32.84    27.3    14.0    20.7    21.3     0.0    19.92 C    44.7     9.4    22.7    63.1    13.7    35.5   0.107   0.098 -99.000 -99.000 -99.000    23.7    22.3 -9999.0 -9999.0 -9999.0
53154 20230313  2.623 -114.19   32.84    27.2    15.2    21.2    21.6     0.0    19.82 C    42.7    10.5    23.0    47.8    14.1    28.5   0.105   0.099 -99.000 -99.000 -99.000    24.4    23.1 -9999.0 -9999.0 -9999.0
53154 20230314  2.623 -114.19   32.84    28.2    12.5    20.4    20.8     0.0    15.68 C    46.1     8.9    22.5    58.3    16.6    33.5   0.100   0.099 -99.000 -99.000 -99.000    23.6    22.9 -9999.0 -9999.0 -9999.0
53154 20230315  2.623 -114.19   32.84    25.2    15.1    20.1    19.2     6.1    12.79 C    39.0     9.5    19.8    84.2    32.7    54.6   0.102   0.099 -99.000 -99.000 -99.000    22.0    22.6 -9999.0 -9999.0 -9999.0
53154 20230316  2.623 -114.19   32.84    22.7    10.7    16.7    17.2     0.0    18.19 C    38.1     6.1    17.4    72.3    25.0    44.6   0.114   0.097 -99.000 -99.000 -99.000    19.8    20.6 -9999.0 -9999.0 -9999.0
53154 20230317  2.623 -114.19   32.84    23.7     9.1    16.4    17.1     0.0    20.58 C    43.5     5.2    18.5    81.9    12.4    38.3   0.113   0.098 -99.000 -99.000 -99.000    21.0    21.0 -9999.0 -9999.0 -9999.0
53154 20230318  2.623 -114.19   32.84    24.4     7.8    16.1    17.9     0.0    22.05 C    41.1     4.1    19.1    56.9     8.9    22.3   0.110   0.098 -99.000 -99.000 -99.000    21.2    21.2 -9999.0 -9999.0 -9999.0
53154 20230319  2.623 -114.19   32.84    25.3    13.0    19.2    19.3     0.0    14.11 C    40.8    10.1    20.1    41.6    12.0    24.0   0.110   0.099 -99.000 -99.000 -99.000    21.4    21.4 -9999.0 -9999.0 -9999.0
53154 20230320  2.623 -114.19   32.84    24.5    11.2    17.9    18.5     0.0    19.01 C    41.0     8.3    20.8    52.9    21.0    32.8   0.108   0.099 -99.000 -99.000 -99.000    22.4    22.0 -9999.0 -9999.0 -9999.0
53154 20230321  2.623 -114.19   32.84    21.6    15.5    18.6    17.5     0.8     7.56 C    26.2    12.1    17.5    75.0    38.5    50.1   0.107   0.099 -99.000 -99.000 -99.000    19.7    21.2 -9999.0 -9999.0 -9999.0
53154 20230322  2.623 -114.19   32.84    20.2    11.7    15.9    16.1     0.0    21.81 C    38.0     7.1    18.7    68.9    17.3    35.9   0.102   0.098 -99.000 -99.000 -99.000    20.7    20.6 -9999.0 -9999.0 -9999.0
53154 20230323  2.623 -114.19   32.84    20.7    10.5    15.6    15.2     0.0    22.42 C    37.4     5.6    17.2    51.0    18.5    35.8   0.099   0.098 -99.000 -99.000 -99.000    20.2    20.7 -9999.0 -9999.0 -9999.0
53154 20230324  2.623 -114.19   32.84    21.5    10.5    16.0    16.0     0.0    22.92 C    38.5     5.8    18.0    53.8    11.9    30.4   0.096   0.098 -99.000 -99.000 -99.000    20.6    20.7 -9999.0 -9999.0 -9999.0
53154 20230325  2.623 -114.19   32.84    22.0     9.1    15.6    16.0     0.0    23.07 C    42.2     3.9    18.0    55.4    10.7    26.4   0.095   0.098 -99.000 -99.000 -99.000    20.9    21.0 -9999.0 -9999.0 -9999.0
53154 20230326  2.623 -114.19   32.84    21.5     8.6    15.0    15.4     0.0    23.65 C    42.8     3.3    17.6    29.4     6.2    16.1   0.091   0.098 -99.000 -99.000 -99.000    20.6    20.8 -9999.0 -9999.0 -9999.0
53154 20230327  2.623 -114.19   32.84    22.2    10.9    16.5    16.6     0.0    24.04 C    38.7     4.1    17.2    19.1     4.9    10.0   0.087   0.098 -99.000 -99.000 -99.000    20.4    20.8 -9999.0 -9999.0 -9999.0
53154 20230328  2.623 -114.19   32.84    25.7     9.5    17.6    18.2     0.0    23.85 C    47.5     3.8    20.7    18.8     3.0     9.7   0.084   0.098 -99.000 -99.000 -99.000    22.1    21.3 -9999.0 -9999.0 -9999.0
53154 20230329  2.623 -114.19   32.84    26.4     8.2    17.3    18.5     0.0    23.36 C    45.5     4.0    21.1    38.7     7.8    20.3   0.080   0.099 -99.000 -99.000 -99.000    23.1    22.4 -9999.0 -9999.0 -9999.0
53154 20230330  2.623 -114.19   32.84    19.2     8.9    14.0    14.6     0.0    22.83 C    33.1     4.6    15.8    47.6    18.5    32.9   0.074   0.099 -99.000 -99.000 -99.000    20.2    21.6 -9999.0 -9999.0 -9999.0
53154 20230331  2.623 -114.19   32.84    22.3     5.4    13.8    15.2     0.0    22.74 C    44.5     1.7    18.9    64.2    11.2    31.6   0.073   0.098 -99.000 -99.000 -99.000    20.9    20.8 -9999.0 -9999.0 -9999.0
53154 20230401  2.623 -114.19   32.84    26.6     5.7    16.1    18.1     0.0    24.19 C    46.7     2.3    20.5    39.8     5.6    17.6   0.072   0.099 -99.000 -99.000 -99.000    22.4    21.7 -9999.0 -9999.0 -9999.0
53154 20230402  2.623 -114.19   32.84    28.9     8.3    18.6    20.1     0.0    24.60 C    48.7     3.9    22.3    41.7     7.4    18.6   0.072   0.100 -99.000 -99.000 -99.000    23.8    22.7 -9999.0 -9999.0 -9999.0
53154 20230403  2.623 -114.19   32.84    23.4     9.1    16.2    17.3     0.0    23.50 C    38.6     5.4    18.8    35.8    11.4    23.2   0.072   0.100 -99.000 -99.000 -99.000    22.5    22.9 -9999.0 -9999.0 -9999.0
53154 20230404  2.623 -114.19   32.84    18.2     6.6    12.4    12.8     0.0    25.38 C    35.0     2.3    14.6    21.0     2.9    10.8   0.065   0.098 -99.000 -99.000 -99.000    19.3    21.0 -9999.0 -9999.0 -9999.0
53154 20230405  2.623 -114.19   32.84    21.6     3.6    12.6    13.7     0.0    25.06 C    44.7    -1.6    17.6    19.1     4.0     9.3   0.066   0.097 -99.000 -99.000 -99.000    19.8    20.1 -9999.0 -9999.0 -9999.0
53154 20230406  2.623 -114.19   32.84    24.7    12.1    18.4    18.0     0.0    21.42 C    48.9     5.6    19.6    11.0     4.6     7.7   0.065   0.097 -99.000 -99.000 -99.000    21.7    21.3 -9999.0 -9999.0 -9999.0
53154 20230407  2.623 -114.19   32.84    28.0     7.1    17.5    19.2     0.0    24.81 C    49.6     2.3    21.9    18.6     1.9     8.1   0.065   0.098 -99.000 -99.000 -99.000    23.3    22.1 -9999.0 -9999.0 -9999.0
53154 20230408  2.623 -114.19   32.84    29.2     9.7    19.5    21.0     0.0    23.49 C    50.3     5.5    24.0    23.5     6.7    13.9   0.066   0.099 -99.000 -99.000 -99.000    25.1    23.5 -9999.0 -9999.0 -9999.0
53154 20230409  2.623 -114.19   32.84    33.0    11.7    22.3    24.1     0.0    25.06 C    54.4     8.0    27.9    30.2     6.1    15.2   0.067   0.101 -99.000 -99.000 -99.000    27.8    25.0 -9999.0 -9999.0 -9999.0
53154 20230410  2.623 -114.19   32.84    36.0    13.9    25.0    26.4     0.0    25.49 C    57.1    10.0    29.4    29.6     3.8    14.1   0.067   0.103 -99.000 -99.000 -99.000    29.8    26.8 -9999.0 -9999.0 -9999.0
53154 20230411  2.623 -114.19   32.84    36.0    15.4    25.7    27.3     0.0    25.54 C    56.0    11.0    29.9    27.6     5.1    13.4   0.066   0.104 -99.000 -99.000 -99.000    30.6    27.8 -9999.0 -9999.0 -9999.0
53154 20230412  2.623 -114.19   32.84    33.0    15.3    24.1    25.3     0.0    21.66 C    53.9    10.2    27.6    29.6     3.8    15.2   0.063   0.104 -99.000 -99.000 -99.000    29.3    27.8 -9999.0 -9999.0 -9999.0
53154 20230413  2.623 -114.19   32.84    26.5    15.8    21.2    21.3     0.0    23.80 C    45.8    11.9    24.7    40.5    13.8    25.1   0.061   0.103 -99.000 -99.000 -99.000    27.7    27.2 -9999.0 -9999.0 -9999.0
53154 20230414  2.623 -114.19   32.84    24.5    12.1    18.3    18.6     0.0    25.56 C    48.9     7.2    23.9    44.0    15.2    28.3   0.059   0.101 -99.000 -99.000 -99.000    26.3    25.9 -9999.0 -9999.0 -9999.0
53154 20230415  2.623 -114.19   32.84    29.5    11.0    20.2    21.4     0.0    25.42 C    51.8     7.4    26.2    60.8    11.7    30.0   0.059   0.101 -99.000 -99.000 -99.000    27.5    26.1 -9999.0 -9999.0 -9999.0
53154 20230416  2.623 -114.19   32.84    32.1    12.2    22.1    23.6     0.0    24.66 C    55.9     8.7    27.5    41.9     8.3    21.3   0.060   0.102 -99.000 -99.000 -99.000    28.8    27.0 -9999.0 -9999.0 -9999.0
53154 20230417  2.623 -114.19   32.84    32.8    13.8    23.3    24.9     0.0    26.16 C    54.0     9.9    28.2    37.0     5.1    16.1   0.060   0.102 -99.000 -99.000 -99.000    29.5    27.6 -9999.0 -9999.0 -9999.0
53154 20230418  2.623 -114.19   32.84    29.0    12.6    20.8    22.5     0.0    24.53 C    47.7     8.7    24.4    30.1     5.6    16.4   0.058   0.102 -99.000 -99.000 -99.000    27.8    27.4 -9999.0 -9999.0 -9999.0
53154 20230419  2.623 -114.19   32.84    26.5    13.8    20.2    20.3     0.0    24.67 C    44.2     8.0    21.9    29.1     5.4    14.9   0.055   0.100 -99.000 -99.000 -99.000    25.6    26.1 -9999.0 -9999.0 -9999.0
53154 20230420  2.623 -114.19   32.84    29.9    13.3    21.6    22.4     0.0    27.03 C    48.9     6.0    22.8    13.3     1.9     6.2   0.054   0.098 -99.000 -99.000 -99.000    25.6    25.3 -9999.0 -9999.0 -9999.0
53154 20230421  2.623 -114.19   32.84    34.0    16.4    25.2    25.3     0.0    27.04 C    57.2     8.7    28.0    10.9     3.1     6.1   0.055   0.099 -99.000 -99.000 -99.000    28.7    26.4 -9999.0 -9999.0 -9999.0
53154 20230422  2.623 -114.19   32.84    36.0    14.7    25.3    27.1     0.0    26.11 C    58.6    10.1    30.1    17.3     5.7     9.4   0.056   0.100 -99.000 -99.000 -99.000    30.8    28.0 -9999.0 -9999.0 -9999.0
53154 20230423  2.623 -114.19   32.84    35.9    17.8    26.8    28.1     0.0    26.43 C    57.1    12.7    31.2    20.8     6.3    11.3   0.056   0.101 -99.000 -99.000 -99.000    32.1    29.2 -9999.0 -9999.0 -9999.0
53154 20230424  2.623 -114.19   32.84    33.2    17.5    25.4    26.2     0.0    25.16 C    52.6    12.7    29.7    31.3     8.9    17.0   0.054   0.101 -99.000 -99.000 -99.000    31.5    29.5 -9999.0 -9999.0 -9999.0
53154 20230425  2.623 -114.19   32.84    32.6    17.1    24.8    25.8     0.0    26.30 C    54.0    12.9    30.3    42.3    11.3    24.3   0.054   0.100 -99.000 -99.000 -99.000    31.7    29.5 -9999.0 -9999.0 -9999.0
53154 20230426  2.623 -114.19   32.84    33.7    14.5    24.1    25.8     0.0    27.48 C    52.1    10.0    28.2    50.5     3.2    17.0   0.053   0.099 -99.000 -99.000 -99.000    30.9    29.5 -9999.0 -9999.0 -9999.0
53154 20230427  2.623 -114.19   32.84    36.3    15.1    25.7    27.1     0.0    27.72 C    57.6     9.2    30.3    15.2     1.1     7.2   0.053   0.098 -99.000 -99.000 -99.000    31.5    29.4 -9999.0 -9999.0 -9999.0
53154 20230428  2.623 -114.19   32.84    38.1    15.3    26.7    28.9     0.0    27.17 C    61.0    11.9    32.6    20.0     4.3    10.9   0.053   0.099 -99.000 -99.000 -99.000    33.4    30.4 -9999.0 -9999.0 -9999.0
53154 20230429  2.623 -114.19   32.84    38.6    19.1    28.8    30.9     0.0    27.60 C    60.0    14.4    33.2    23.7     1.8     9.7   0.052   0.099 -99.000 -99.000 -99.000    34.4    31.3 -9999.0 -9999.0 -9999.0
53154 20230430  2.623 -114.19   32.84    39.3    19.6    29.4    30.9     0.0    25.84 C    62.1    14.8    33.7    17.4     3.3     9.0   0.052   0.098 -99.000 -99.000 -99.000    34.8    31.9 -9999.0 -9999.0 -9999.0
53154 20230501  2.623 -114.19   32.84    32.5    18.4    25.4    25.8     0.0    25.42 C    51.0    14.2    29.3    29.5     8.7    17.5   0.050   0.097 -99.000 -99.000 -99.000    32.4    31.5 -9999.0 -9999.0 -9999.0
53154 20230502  2.623 -114.19   32.84    29.6    14.1    21.8    21.7     0.0    26.39 C    51.9     9.8    27.2    44.4     7.6    24.9   0.048   0.095 -99.000 -99.000 -99.000    30.0    29.8 -9999.0 -9999.0 -9999.0
53154 20230503  2.623 -114.19   32.84    28.4    12.6    20.5    21.7     0.0    27.21 C    49.2     8.9    26.4    37.8    12.5    26.5   0.048   0.093 -99.000 -99.000 -99.000    29.2    29.1 -9999.0 -9999.0 -9999.0
53154 20230504  2.623 -114.19   32.84    25.0    13.5    19.3    19.1     0.0    27.31 C    47.1     9.8    24.1    36.7    15.2    27.3   0.047   0.092 -99.000 -99.000 -99.000    27.8    28.3 -9999.0 -9999.0 -9999.0
53154 20230505  2.623 -114.19   32.84    25.9    12.4    19.2    19.7     0.0    27.20 C    49.1     7.9    24.9    40.7    14.3    26.8   0.047   0.090 -99.000 -99.000 -99.000    27.6    27.6 -9999.0 -9999.0 -9999.0
53154 20230506  2.623 -114.19   32.84    28.1    12.1    20.1    21.8     0.0    28.02 C    50.4     8.1    26.5    45.9     7.7    23.6   0.046   0.089 -99.000 -99.000 -99.000    28.6    27.8 -9999.0 -9999.0 -9999.0
53154 20230507  2.623 -114.19   32.84    30.6    13.5    22.0    23.2     0.0    27.64 C    52.8    10.1    27.6    48.5     8.6    23.7   0.048   0.089 -99.000 -99.000 -99.000    29.7    28.5 -9999.0 -9999.0 -9999.0
53154 20230508  2.623 -114.19   32.84    31.8    14.5    23.2    25.1     0.0    28.15 C    54.0    10.3    28.9    37.7     5.7    18.0   0.048   0.089 -99.000 -99.000 -99.000    30.7    29.1 -9999.0 -9999.0 -9999.0
53154 20230509  2.623 -114.19   32.84    31.8    14.9    23.4    25.1     0.0    28.48 C    51.7    11.3    28.5    39.0     2.0    16.1   0.048   0.089 -99.000 -99.000 -99.000    30.8    29.5 -9999.0 -9999.0 -9999.0
53154 20230510  2.623 -114.19   32.84    27.3    14.7    21.0    21.2     0.0    27.71 C    48.8    10.7    25.9    41.7    13.6    25.2   0.046   0.087 -99.000 -99.000 -99.000    29.1    28.9 -9999.0 -9999.0 -9999.0
53154 20230511  2.623 -114.19   32.84    31.5    12.7    22.1    24.0     0.0    27.82 C    57.4     9.7    30.0    47.6    10.5    24.0   0.047   0.087 -99.000 -99.000 -99.000    31.0    29.1 -9999.0 -9999.0 -9999.0
53154 20230512  2.623 -114.19   32.84    35.2    15.4    25.3    27.4     0.0    27.79 C    55.6    11.7    31.2    31.4     7.6    16.1   0.047   0.087 -99.000 -99.000 -99.000    32.4    30.1 -9999.0 -9999.0 -9999.0
53154 20230513  2.623 -114.19   32.84    37.7    18.1    27.9    29.5     0.0    27.97 C    56.4    13.7    32.7    24.1     4.8    13.2   0.048   0.088 -99.000 -99.000 -99.000    33.9    31.1 -9999.0 -9999.0 -9999.0
53154 20230514  2.623 -114.19   32.84    37.5    20.8    29.1    29.6     0.0    27.96 C    59.8    15.8    33.6    21.4     5.9    11.9   0.048   0.088 -99.000 -99.000 -99.000    34.9    32.1 -9999.0 -9999.0 -9999.0
53154 20230515  2.623 -114.19   32.84    37.6    18.9    28.3    29.7     0.0    27.82 C    61.0    14.8    34.0    17.2     3.9     9.5   0.047   0.088 -99.000 -99.000 -99.000    35.2    32.4 -9999.0 -9999.0 -9999.0
53154 20230516  2.623 -114.19   32.84    38.3    22.3    30.3    31.5     0.0    27.60 C    57.5    17.1    35.3    29.2     5.0    10.1   0.047   0.088 -99.000 -99.000 -99.000    36.1    33.1 -9999.0 -9999.0 -9999.0
53154 20230517  2.623 -114.19   32.84    38.5    21.7    30.1    31.1     0.0    28.00 C    61.8    18.9    36.7    28.4     6.8    14.8   0.047   0.088 -99.000 -99.000 -99.000    37.5    34.0 -9999.0 -9999.0 -9999.0
53154 20230518  2.623 -114.19   32.84    36.2    24.6    30.4    30.4     0.0    24.70 C    56.9    19.4    34.4    28.4    11.6    17.4   0.046   0.087 -99.000 -99.000 -99.000    36.2    34.0 -9999.0 -9999.0 -9999.0
53154 20230519  2.623 -114.19   32.84    36.0    23.8    29.9    29.4     0.0    25.64 C    58.9    20.1    35.4    48.8    15.2    25.9   0.046   0.087 -99.000 -99.000 -99.000    36.4    33.9 -9999.0 -9999.0 -9999.0
53154 20230520  2.623 -114.19   32.84    35.6    24.3    30.0    29.5     0.0    24.23 C    58.8    23.0    35.7    44.6    14.5    26.6   0.047   0.086 -99.000 -99.000 -99.000    36.9    34.2 -9999.0 -9999.0 -9999.0
53154 20230521  2.623 -114.19   32.84    36.9    20.9    28.9    30.0     0.0    28.14 C    61.1    17.2    35.5    32.8    11.1    19.0   0.046   0.086 -99.000 -99.000 -99.000    36.9    34.4 -9999.0 -9999.0 -9999.0
53154 20230522  2.623 -114.19   32.84    37.6    20.1    28.8    29.9     0.0    28.47 C    60.7    16.3    35.3    34.2     8.0    17.5   0.046   0.085 -99.000 -99.000 -99.000    36.9    34.6 -9999.0 -9999.0 -9999.0
53154 20230523  2.623 -114.19   32.84    37.0    19.6    28.3    29.2     0.0    28.84 C    57.2    14.3    33.3    24.0     6.1    14.2   0.045   0.084 -99.000 -99.000 -99.000    35.6    34.2 -9999.0 -9999.0 -9999.0
53154 20230524  2.623 -114.19   32.84    36.5    20.9    28.7    29.1     0.0    28.54 C    57.3    16.9    33.7    35.4     6.9    18.9   0.045   0.084 -99.000 -99.000 -99.000    35.8    34.1 -9999.0 -9999.0 -9999.0
53154 20230525  2.623 -114.19   32.84    35.6    18.1    26.9    27.7     0.0    28.66 C    59.2    14.7    33.1    34.7     8.7    20.5   0.044   0.083 -99.000 -99.000 -99.000    35.1    33.7 -9999.0 -9999.0 -9999.0
53154 20230526  2.623 -114.19   32.84    33.3    18.1    25.7    26.8     0.0    29.47 C    57.3    13.6    32.4    28.7     3.4    15.4   0.043   0.082 -99.000 -99.000 -99.000    34.7    33.5 -9999.0 -9999.0 -9999.0
53154 20230527  2.623 -114.19   32.84    34.8    16.0    25.4    27.0     0.0    29.46 C    59.5    12.4    32.9    34.5     3.4    16.4   0.043   0.082 -99.000 -99.000 -99.000    34.7    33.4 -9999.0 -9999.0 -9999.0
53154 20230528  2.623 -114.19   32.84    36.0    17.4    26.7    28.0     0.0    29.51 C    57.5    13.2    32.7    34.6     3.2    13.9   0.043   0.081 -99.000 -99.000 -99.000    34.9    33.5 -9999.0 -9999.0 -9999.0
53154 20230529  2.623 -114.19   32.84    34.4    18.9    26.6    27.2     0.0    29.21 C    54.6    14.1    31.1    36.4     6.6    16.6   0.042   0.081 -99.000 -99.000 -99.000    34.0    33.1 -9999.0 -9999.0 -9999.0
53154 20230530  2.623 -114.19   32.84    33.9    17.8    25.8    26.2     0.0    29.50 C    52.6    12.5    30.3    35.9     3.7    17.1   0.041   0.080 -99.000 -99.000 -99.000    33.1    32.6 -9999.0 -9999.0 -9999.0
53154 20230531  2.623 -114.19   32.84    29.9    17.8    23.8    24.3     0.0    28.76 C    51.5    14.0    29.6    42.8    14.0    25.7   0.042   0.079 -99.000 -99.000 -99.000    32.6    32.3 -9999.0 -9999.0 -9999.0
53154 20230601  2.623 -114.19   32.84    33.3    15.5    24.4    25.7     0.0    28.73 C    58.0    12.6    32.2    45.0    11.6    26.0   0.042   0.078 -99.000 -99.000 -99.000    33.7    32.3 -9999.0 -9999.0 -9999.0
53154 20230602  2.623 -114.19   32.84    34.2    17.0    25.6    26.6     0.0    28.62 C    59.8    13.9    33.5    56.9    12.9    28.7   0.043   0.079 -99.000 -99.000 -99.000    34.9    33.1 -9999.0 -9999.0 -9999.0
53154 20230603  2.623 -114.19   32.84    36.9    17.8    27.4    29.2     0.0    29.36 C    59.2    14.2    34.2    41.6     7.6    18.8   0.043   0.079 -99.000 -99.000 -99.000    35.8    33.7 -9999.0 -9999.0 -9999.0
53154 20230604  2.623 -114.19   32.84    38.9    18.4    28.7    30.6     0.0    29.28 C    62.2    14.9    35.5    32.9     4.2    14.0   0.043   0.080 -99.000 -99.000 -99.000    36.8    34.3 -9999.0 -9999.0 -9999.0
53154 20230605  2.623 -114.19   32.84    37.7    20.8    29.3    29.6     0.0    29.75 C    52.9    15.2    31.9    22.1     1.7    10.3   0.041   0.079 -99.000 -99.000 -99.000    35.1    34.3 -9999.0 -9999.0 -9999.0
53154 20230606  2.623 -114.19   32.84    34.8    16.2    25.5    26.7     0.0    29.24 C    57.8    12.3    32.4    34.5     5.1    19.3   0.041   0.078 -99.000 -99.000 -99.000    34.5    33.4 -9999.0 -9999.0 -9999.0
53154 20230607  2.623 -114.19   32.84    34.0    17.7    25.8    26.8     0.0    29.28 C    56.9    13.5    32.6    34.8     8.2    20.3   0.040   0.077 -99.000 -99.000 -99.000    34.7    33.5 -9999.0 -9999.0 -9999.0
53154 20230608  2.623 -114.19   32.84    34.5    18.1    26.3    27.4     0.0    26.74 C    58.5    14.6    32.9    37.6     5.1    17.1   0.041   0.077 -99.000 -99.000 -99.000    35.0    33.7 -9999.0 -9999.0 -9999.0
53154 20230609  2.623 -114.19   32.84    36.2    17.4    26.8    28.0     0.0    28.82 C    59.9    13.4    33.9    26.9     7.5    14.1   0.041   0.077 -99.000 -99.000 -99.000    35.5    33.7 -9999.0 -9999.0 -9999.0
53154 20230610  2.623 -114.19   32.84    36.3    17.2    26.7    27.6     0.0    29.80 C    59.4    13.3    32.7    29.2     2.2    11.9   0.040   0.077 -99.000 -99.000 -99.000    35.3    34.0 -9999.0 -9999.0 -9999.0
53154 20230611  2.623 -114.19   32.84    31.2    18.9    25.0    24.7     0.0    28.29 C    54.1    14.8    31.3    65.3    16.7    36.5   0.040   0.076 -99.000 -99.000 -99.000    34.1    33.6 -9999.0 -9999.0 -9999.0
53154 20230612  2.623 -114.19   32.84    31.8    18.7    25.2    25.5     0.0    28.95 C    56.8    14.3    32.4    46.3    15.1    28.8   0.040   0.076 -99.000 -99.000 -99.000    34.3    33.3 -9999.0 -9999.0 -9999.0
53154 20230613  2.623 -114.19   32.84    34.4    18.9    26.6    27.8     0.0    29.04 C    58.6    15.4    34.4    44.4    12.8    25.1   0.042   0.076 -99.000 -99.000 -99.000    35.9    33.9 -9999.0 -9999.0 -9999.0
53154 20230614  2.623 -114.19   32.84    36.5    18.8    27.6    29.5     0.0    29.07 C    59.9    15.8    35.1    35.5     7.9    19.2   0.042   0.076 -99.000 -99.000 -99.000    36.6    34.5 -9999.0 -9999.0 -9999.0
53154 20230615  2.623 -114.19   32.84    36.6    19.6    28.1    29.9     0.0    28.27 C    62.2    16.1    35.5    28.1     8.3    17.2   0.041   0.076 -99.000 -99.000 -99.000    37.1    35.0 -9999.0 -9999.0 -9999.0
53154 20230616  2.623 -114.19   32.84    37.5    20.2    28.8    30.1     0.0    28.98 C    60.9    16.3    35.8    28.0     6.9    17.2   0.041   0.076 -99.000 -99.000 -99.000    37.4    35.3 -9999.0 -9999.0 -9999.0
53154 20230617  2.623 -114.19   32.84    40.0    22.1    31.0    32.6     0.0    28.77 C    64.1    18.3    38.5    20.4     6.7    13.3   0.042   0.077 -99.000 -99.000 -99.000    39.1    36.1 -9999.0 -9999.0 -9999.0
53154 20230618  2.623 -114.19   32.84    39.9    21.5    30.7    32.2     0.0    29.80 C    58.2    17.9    35.9    22.9     3.6    12.6   0.041   0.077 -99.000 -99.000 -99.000    38.5    36.5 -9999.0 -9999.0 -9999.0
53154 20230619  2.623 -114.19   32.84    37.8    22.2    30.0    30.8     0.0    28.60 C    57.9    16.4    34.7    26.9     5.0    15.3   0.040   0.077 -99.000 -99.000 -99.000    37.3    35.9 -9999.0 -9999.0 -9999.0
53154 20230620  2.623 -114.19   32.84    37.0    21.1    29.0    30.6     0.0    28.86 C    57.0    16.7    35.8    30.7     5.3    17.0   0.040   0.076 -99.000 -99.000 -99.000    37.6    35.8 -9999.0 -9999.0 -9999.0
53154 20230621  2.623 -114.19   32.84    38.0    23.3    30.6    31.7     0.0    29.77 C    58.3    18.5    35.2 -9999.0 -9999.0 -9999.0   0.040   0.076 -99.000 -99.000 -99.000    37.8    36.0 -9999.0 -9999.0 -9999.0
53154 20230622  2.623 -114.19   32.84    37.3    20.8    29.1    30.2     0.0    30.05 C    58.0    15.6    33.8    14.2     0.1     5.8   0.038   0.075 -99.000 -99.000 -99.000    36.8    35.7 -9999.0 -9999.0 -9999.0
53154 20230623  2.623 -114.19   32.84    35.5    17.3    26.4    27.4     0.0    31.00 C    59.5    12.9    32.2    11.8     0.2     4.6   0.037   0.074 -99.000 -99.000 -99.000    35.4    34.8 -9999.0 -9999.0 -9999.0
53154 20230624  2.623 -114.19   32.84    38.6    17.5    28.1    30.2     0.0    30.09 C    61.7    12.1    34.5     9.8     1.2     4.4   0.037   0.073 -99.000 -99.000 -99.000    36.1    34.6 -9999.0 -9999.0 -9999.0
53154 20230625  2.623 -114.19   32.84    40.5    21.7    31.1    32.8     0.0    29.90 C    61.4    17.1    36.6    11.8     0.1     4.1   0.037   0.074 -99.000 -99.000 -99.000    38.3    35.9 -9999.0 -9999.0 -9999.0
53154 20230626  2.623 -114.19   32.84    40.8    23.7    32.3    33.3     0.0    29.60 C    60.6    17.7    36.5     8.2     1.3     4.6   0.037   0.074 -99.000 -99.000 -99.000    38.7    36.4 -9999.0 -9999.0 -9999.0
53154 20230627  2.623 -114.19   32.84    39.5    22.1    30.8    32.5     0.0    29.95 C    60.8    16.8    36.5    15.2     2.4     6.9   0.036   0.074 -99.000 -99.000 -99.000    38.6    36.6 -9999.0 -9999.0 -9999.0
53154 20230628  2.623 -114.19   32.84    38.8    20.4    29.6    31.6     0.0    29.97 C    60.9    15.6    35.5    13.4     0.5     6.4   0.036   0.074 -99.000 -99.000 -99.000    38.0    36.4 -9999.0 -9999.0 -9999.0
53154 20230629  2.623 -114.19   32.84    39.8    20.4    30.1    32.0     0.0    29.28 C    64.3    16.3    37.8    22.0     3.5    10.9   0.037   0.074 -99.000 -99.000 -99.000    39.1    36.7 -9999.0 -9999.0 -9999.0
53154 20230630  2.623 -114.19   32.84    42.1    21.6    31.8    34.0     0.0    28.40 C    63.1    17.1    38.0    14.7     4.6     8.3   0.036   0.074 -99.000 -99.000 -99.000    39.5    37.1 -9999.0 -9999.0 -9999.0
53154 20230701  2.623 -114.19   32.84    43.9    24.0    33.9    35.7     0.0    29.03 C    63.5    19.2    39.3    18.0     3.4     9.4   0.037   0.074 -99.000 -99.000 -99.000    40.8    37.9 -9999.0 -9999.0 -9999.0
53154 20230702  2.623 -114.19   32.84    43.6    24.7    34.1    35.8     0.0    28.75 C    65.6    20.1    40.2    18.7     4.0    10.8   0.037   0.075 -99.000 -99.000 -99.000    41.5    38.5 -9999.0 -9999.0 -9999.0
53154 20230703  2.623 -114.19   32.84    44.7    24.8    34.8    36.4     0.0    28.51 C    64.0    21.2    40.4    28.2     4.9    13.7   0.037   0.075 -99.000 -99.000 -99.000    41.8    38.8 -9999.0 -9999.0 -9999.0
53154 20230704  2.623 -114.19   32.84    43.6    25.4    34.5    36.3     0.0    28.49 C    64.9    21.8    40.5    26.3     4.1    14.2   0.038   0.075 -99.000 -99.000 -99.000    42.2    39.4 -9999.0 -9999.0 -9999.0
53154 20230705  2.623 -114.19   32.84    42.0    23.2    32.6    34.4     0.0    29.18 C    64.0    17.9    39.0    27.2     3.0    10.1   0.037   0.074 -99.000 -99.000 -99.000    41.0    38.9 -9999.0 -9999.0 -9999.0
53154 20230706  2.623 -114.19   32.84    42.5    23.5    33.0    34.4     0.0    28.73 C    65.1    20.0    39.2    32.7     0.3    13.9   0.037   0.074 -99.000 -99.000 -99.000    41.2    38.9 -9999.0 -9999.0 -9999.0
53154 20230707  2.623 -114.19   32.84    41.5    22.6    32.0    33.8     0.0    29.45 C    64.9    18.1    38.5    26.7     0.6     4.9   0.036   0.073 -99.000 -99.000 -99.000    40.5    38.7 -9999.0 -9999.0 -9999.0
53154 20230708  2.623 -114.19   32.84    42.5    23.2    32.8    34.0     0.0    28.64 C    65.5    18.9    38.9    18.9     3.5    10.5   0.036   0.073 -99.000 -99.000 -99.000    40.6    38.6 -9999.0 -9999.0 -9999.0
53154 20230709  2.623 -114.19   32.84    41.1    25.3    33.2    34.3     0.0    27.94 C    61.2    20.3    38.4    27.7     6.8    12.7   0.036   0.072 -99.000 -99.000 -99.000    40.4    38.7 -9999.0 -9999.0 -9999.0
53154 20230710  2.623 -114.19   32.84    42.0    27.8    34.9    35.3     0.0    26.98 C    64.6    25.0    41.4    47.1    12.8    23.9   0.037   0.072 -99.000 -99.000 -99.000    42.1    39.1 -9999.0 -9999.0 -9999.0
53154 20230711  2.623 -114.19   32.84    43.2    29.2    36.2    36.5     0.0    26.70 C    67.4    26.8    43.2    41.6    14.5    25.4   0.039   0.073 -99.000 -99.000 -99.000    43.7    40.3 -9999.0 -9999.0 -9999.0
53154 20230712  2.623 -114.19   32.84    43.0    32.4    37.7    37.4     0.0    24.45 C    66.1    29.0    42.7    31.0    14.2    21.1   0.040   0.073 -99.000 -99.000 -99.000    44.0    40.9 -9999.0 -9999.0 -9999.0
53154 20230713  2.623 -114.19   32.84    43.8    30.7    37.3    37.8     0.0    27.16 C    61.9    27.2    42.2    37.9    11.2    20.5   0.040   0.073 -99.000 -99.000 -99.000    43.8    41.0 -9999.0 -9999.0 -9999.0
53154 20230714  2.623 -114.19   32.84    44.7    30.1    37.4    38.5     0.0    26.86 C    67.4    26.1    44.1    27.1    13.1    18.4   0.040   0.074 -99.000 -99.000 -99.000    44.8    41.4 -9999.0 -9999.0 -9999.0
53154 20230715  2.623 -114.19   32.84    45.5    30.2    37.8    39.2     0.0    27.18 C    64.3    27.3    44.0    29.6    11.4    19.3   0.040   0.074 -99.000 -99.000 -99.000    45.0    41.8 -9999.0 -9999.0 -9999.0
53154 20230716  2.623 -114.19   32.84    44.1    32.3    38.2    38.1     0.0    24.46 C    68.8    28.9    43.3    39.8    15.6    25.5   0.040   0.074 -99.000 -99.000 -99.000    44.8    42.0 -9999.0 -9999.0 -9999.0
53154 20230717  2.623 -114.19   32.84    45.0    30.9    38.0    38.6     0.0    26.40 C    68.0    29.0    44.6    44.4    12.6    23.3   0.041   0.074 -99.000 -99.000 -99.000    45.3    42.1 -9999.0 -9999.0 -9999.0
53154 20230718  2.623 -114.19   32.84    46.1    30.5    38.3    39.4     0.0    27.47 C    68.4    27.8    45.0    30.5    10.0    17.5   0.041   0.074 -99.000 -99.000 -99.000    45.8    42.4 -9999.0 -9999.0 -9999.0
53154 20230719  2.623 -114.19   32.84    46.4    30.8    38.6    39.6     0.0    27.30 C    69.0    27.8    45.0    26.6     9.1    16.9   0.040   0.073 -99.000 -99.000 -99.000    46.0    42.9 -9999.0 -9999.0 -9999.0
53154 20230720  2.623 -114.19   32.84    46.7    29.7    38.2    39.6     0.0    27.53 C    65.8    26.6    43.8    31.8     4.5    16.0   0.040   0.072 -99.000 -99.000 -99.000    45.6    42.9 -9999.0 -9999.0 -9999.0
53154 20230721  2.623 -114.19   32.84    45.4    31.2    38.3    38.5     0.0    25.63 C    67.2    26.9    43.5    45.9     7.0    22.4   0.039   0.073 -99.000 -99.000 -99.000    45.2    42.6 -9999.0 -9999.0 -9999.0
53154 20230722  2.623 -114.19   32.84    45.1    32.3    38.7    38.7     0.0    20.62 C    67.9    29.5    42.6    30.6    10.1    19.4   0.040   0.073 -99.000 -99.000 -99.000    44.3    42.3 -9999.0 -9999.0 -9999.0
53154 20230723  2.623 -114.19   32.84    43.3    31.8    37.5    37.3     0.0    21.03 C    66.2    31.0    42.3    39.0    14.2    23.8   0.040   0.072 -99.000 -99.000 -99.000    44.2    42.2 -9999.0 -9999.0 -9999.0
53154 20230724  2.623 -114.19   32.84    45.2    29.3    37.2    38.1     0.0    26.50 C    67.1    26.4    44.1    41.3    10.8    22.0   0.040   0.072 -99.000 -99.000 -99.000    44.8    42.1 -9999.0 -9999.0 -9999.0
53154 20230725  2.623 -114.19   32.84    45.6    31.4    38.5    39.6     0.0    24.71 C    68.0    29.2    44.9    24.6    10.1    16.3   0.040   0.072 -99.000 -99.000 -99.000    45.8    42.8 -9999.0 -9999.0 -9999.0
53154 20230726  2.623 -114.19   32.84    45.2    31.5    38.3    38.9     0.0    25.64 C    67.3    28.8    44.4    25.9    11.9    19.7   0.040   0.073 -99.000 -99.000 -99.000    45.8    43.1 -9999.0 -9999.0 -9999.0
53154 20230727  2.623 -114.19   32.84    44.2    31.2    37.7    38.0     0.0    25.61 C    68.0    28.0    44.1    37.3    13.3    23.8   0.040   0.072 -99.000 -99.000 -99.000    45.4    43.0 -9999.0 -9999.0 -9999.0
53154 20230728  2.623 -114.19   32.84    45.2    31.1    38.2    37.8     0.0    24.46 C    68.0    28.2    43.6    31.2    12.2    21.7   0.040   0.072 -99.000 -99.000 -99.000    45.1    42.9 -9999.0 -9999.0 -9999.0
53154 20230729  2.623 -114.19   32.84    44.8    30.7    37.8    37.4     0.0    21.12 C    66.1    28.0    42.1    34.2    11.9    20.3   0.040   0.072 -99.000 -99.000 -99.000    43.9    42.4 -9999.0 -9999.0 -9999.0
53154 20230730  2.623 -114.19   32.84    43.3    28.6    35.9    37.2     0.3    20.13 C    62.6    25.0    40.8    57.7    13.7    26.0   0.040   0.071 -99.000 -99.000 -99.000    42.7    41.7 -9999.0 -9999.0 -9999.0
53154 20230731  2.623 -114.19   32.84    38.6    25.0    31.8    32.0     2.0    22.40 C    57.2    23.0    36.3    74.7    22.1    42.9   0.049   0.069 -99.000 -99.000 -99.000    39.2    40.3 -9999.0 -9999.0 -9999.0
53154 20230801  2.623 -114.19   32.84    41.2    27.5    34.3    34.9     0.0    25.71 C    63.7    25.2    41.1    58.1    16.3    31.0   0.056   0.069 -99.000 -99.000 -99.000    42.0    40.4 -9999.0 -9999.0 -9999.0
53154 20230802  2.623 -114.19   32.84    41.9    28.8    35.4    36.2     0.0    25.66 C    64.2    26.4    41.9    44.8    12.3    25.0   0.051   0.070 -99.000 -99.000 -99.000    43.2    41.3 -9999.0 -9999.0 -9999.0
53154 20230803  2.623 -114.19   32.84    42.6    28.3    35.5    36.3     0.0    27.01 C    63.3    23.4    40.2    18.3     3.4     9.4   0.047   0.071 -99.000 -99.000 -99.000    42.4    41.1 -9999.0 -9999.0 -9999.0
53154 20230804  2.623 -114.19   32.84    43.6    23.3    33.5    34.9     0.0    27.57 C    66.4    19.1    39.3    13.8     4.8     7.8   0.043   0.070 -99.000 -99.000 -99.000    41.7    40.6 -9999.0 -9999.0 -9999.0
53154 20230805  2.623 -114.19   32.84    44.7    22.5    33.6    35.2     0.0    27.52 C    64.2    18.0    38.8    20.9     2.4     8.4   0.041   0.070 -99.000 -99.000 -99.000    41.2    40.2 -9999.0 -9999.0 -9999.0
53154 20230806  2.623 -114.19   32.84    42.6    26.8    34.7    35.6     0.0    25.41 C    61.3    23.0    40.1    52.1    12.7    28.7   0.040   0.070 -99.000 -99.000 -99.000    41.8    40.4 -9999.0 -9999.0 -9999.0
53154 20230807  2.623 -114.19   32.84    43.1    29.6    36.3    36.3     0.0    25.46 C    66.0    27.3    42.6    56.8    16.5    31.8   0.042   0.071 -99.000 -99.000 -99.000    43.7    41.2 -9999.0 -9999.0 -9999.0
53154 20230808  2.623 -114.19   32.84    41.3    31.9    36.6    35.9     0.0    25.02 C    65.4    28.1    42.0    30.7    15.6    24.0   0.042   0.071 -99.000 -99.000 -99.000    43.6    41.6 -9999.0 -9999.0 -9999.0
53154 20230809  2.623 -114.19   32.84    40.8    29.7    35.2    35.4     0.0    25.24 C    63.5    26.9    41.2    36.6    15.6    24.6   0.042   0.071 -99.000 -99.000 -99.000    43.0    41.4 -9999.0 -9999.0 -9999.0
53154 20230810  2.623 -114.19   32.84    40.8    29.8    35.3    34.7     0.0    25.37 C    62.2    26.6    40.5    53.9    16.4    31.0   0.042   0.071 -99.000 -99.000 -99.000    42.6    41.3 -9999.0 -9999.0 -9999.0
53154 20230811  2.623 -114.19   32.84    39.3    26.7    33.0    33.8     0.0    24.66 C    62.2    23.3    39.3    57.7    18.1    33.8   0.042   0.070 -99.000 -99.000 -99.000    41.6    40.7 -9999.0 -9999.0 -9999.0
53154 20230812  2.623 -114.19   32.84    38.9    27.4    33.2    33.8     0.0    19.63 C    61.5    25.1    38.3    51.8    19.0    34.1   0.042   0.069 -99.000 -99.000 -99.000    40.7    40.2 -9999.0 -9999.0 -9999.0
53154 20230813  2.623 -114.19   32.84    41.9    27.6    34.7    35.1     0.0    26.16 C    63.7    23.2    40.5    34.6     5.5    20.4   0.042   0.069 -99.000 -99.000 -99.000    41.8    40.2 -9999.0 -9999.0 -9999.0
53154 20230814  2.623 -114.19   32.84 -9999.0 -9999.0 -9999.0 -9999.0 -9999.0 -9999.00 U -9999.0 -9999.0 -9999.0 -9999.0 -9999.0 -9999.0 -99.000 -99.000 -99.000 -99.000 -99.000 -9999.0 -9999.0 -9999.0 -9999.0 -9999.0
